100
68297
46051
57306
66495
62646
27176
92118
75530
3214
91227
76237
35048
29114
25951
27818
95077
37264
27849
71377
50732
22511
71768
97737
97867
9355
43790
14590
40973
32634
49858
26502
77496
58503
69564
61160
33906
56025
36717
56871
94963
56231
84959
14371
21028
15010
77847
99545
20089
31828
94986
67803
84045
80495
40367
7406
88213
79545
61963
96928
80322
75578
97783
89189
38980
94325
63392
36808
61287
21831
26145
22768
65123
19112
2942
55908
84550
81694
43137
8726
46566
49995
69261
91856
3465
919
82477
57051
17390
50520
80685
46837
38813
80691
92787
93339
78179
31532
15330
81996
6287
30363
52285
3537
58239
10369
95131
9940
10292
94161
37489
81522
50854
54771
86631
14288
26651
65418
39263
50345
16708
67463
54275
39910
82078
62225
96695
80298
67528
67858
54514
4408
7970
15789
75475
79147
32354
20580
24569
97033
87420
47223
93549
14125
55421
97198
43167
58603
25715
10583
76358
26984
91050
18138
20600
65408
76337
84953
35458
86302
61745
30947
88936
15280
47370
74095
53122
32671
53603
74594
73849
41112
46423
80472
80597
49399
98090
88948
21259
58977
93641
26201
63668
63277
24858
29280
52817
80287
67151
56521
32299
16572
51842
4084
92062
97863
4127
13028
30326
53803
90301