100
87288.81
89508.09
10832.41
89202.82
10366.86
51963.29
2736.42
84717.04
85848.26
60350.03
61841.79
14631.56
16560.13
39872.06
34017.35
98924.04
95045.44
6831.27
48025.51
55770.20
25122.81
90111.41
99571.35
32344.16
38309.08
36906.43
39646.85
32790.60
18049.62
75809.79
95127.44
26830.59
71213.03
92956.38
12041.20
78628.52
60766.63
6206.29
42764.57
87243.26
47073.53
61844.07
98650.90
20255.75
95421.19
61124.49
48528.77
343.95
48020.59
41782.51
96922.51
64245.20
14267.76
7772.50
69979.20
93253.61
97166.05
24539.08
45747.58
14882.12
83598.73
97406.68
6647.47
26073.42
74263.21
11551.77
21921.31
5793.39
93035.26
45791.53
51770.14
44369.35
96944.58
47789.99
98395.73
38408.15
9559.51
22179.97
55921.17
69059.12
75937.74
37482.96
8378.77
10991.62
50470.39
42581.36
55731.03
45007.58
62769.59
31796.41
89523.49
49131.35
72737.13
79969.42
94880.40
46362.33
17883.71
86832.89
27440.88
93215.58