100
56599
27468
85115
71369
26624
54809
93118
15869
87303
15988
78337
16267
12618
52779
98535
39735
60390
41956
95308
36877
15020
51333
16325
80652
62427
57044
2531
59382
67096
13524
35659
90209
22094
37092
32498
62356
81710
82208
19265
76244
33203
14758
35318
78921
58318
21502
66686
81826
26055
11789
96389
19014
44317
24140
44495
37985
81684
59464
94244
94249
73824
81892
27510
88156
95155
43545
23663
97207
87957
82725
7715
59809
6104
14152
5524
76017
87401
71726
22347
26331
86093
66505
73209
71883
86658
26490
61471
19183
25185
44461
3458
81570
33296
90439
84811
80922
75595
55122
66895
19941
84308
10002
29625
6436
64271
79299
2842
38319
54508
54419
84675
54481
87472
27752
97140
49943
69406
38268
41617
68650
12192
55820
35010
24402
95426
97586
67547
6271
39846
9745
14652
22628
31720
63147
83484
40620
42965
54232
62760
43777
73335
14311
98279
39719
40902
69081
69045
83978
63492
69906
96218
78933
82922
66286
11659
95366
48940
49957
65936
34129
22441
52195
71401
3963
11097
25364
14595
94147
16657
24361
13722
72791
22933
16132
56418
31275
94603
46295
99750
63919
45545
19194
29933
24751
54873
11181
17761
4768
31361
65621
79260
55483
75291
91452
46236
54523
42589
53184
51464
24763