84067
156484
81433
108987
103291
94604
65397
138270
102346
132185
66353
96977
119471
61913
80620
125868
59186
94854
163918
95509
47961
114239
79820
148512
37844
115403
68457
82480
141148
188493
155716
115666
138700
120870
170682
67524
20256
81541
159127
48678
152598
145092
113148
80654
69646
85028
123735
165733
130717
86836
94310
36061
143570
41161
108927
139156
115224
147083
107674
110267
68012
59412
193012
73818
49591
37280
94867
124104
97197
106537
87646
137998
109983
153023
133398
175151
149208
107025
98897
100065
74636
75364
36461
108742
41018
86513
39065
87693
140898
163669
64739
54684
66054
22529
96982
134743
166743
100759
95773
76227